 
 478
 
 
 149
 
 
 
 
 662
 
 
 298
 524
 
 
 
 258
 
 
 
 
 
 
 
 
 
 
 137
 139
 141
 143
 145
 147
 151
 153
 155
 157
 159
 161
 163
 165
 167
 169
 171
 173
 175
 177
 179
 181
 183
 185
 187
 189
 191
 193
 195
 197
 
 
 
 
 135
 
 
 374
 
 
 
 
 
 
 
 
 
 
 
 
 0.0
 0.0
 0.0
 0.0
 0.0
 0.0
 
 
 
 
 
 
 297
 523
 
 
 
 
 
 
 
 
 
 
 
 449
 
 
 154
 156
 158
 160
 162
 164
 166
 168
 170
 172
 136
 174
 176
 178
 180
 182
 184
 186
 188
 190
 192
 138
 194
 196
 140
 142
 144
 146
 148
 152
 
 
 0.0
 
 
 1654
 
 2295
 
 
 
 
 
 0.0
 
 819
 1669
 3748
 1816
 882
 0.2
 0.0
 2373
 1722
 2524
 2034
 1738
 2013
 820
 2264
 2247
 2271
 2358
 2012
 0.2
 1817
 1907
 1685
 
 0.3
 828
 0.3
 1950
 2210
 2300
 429
 2214
 818
 797
 1831
 
 
 1892
 1993
 2018
 3715
 1990
 2176
 2258
 975
 2023
 1996
 1843
 2383
 1703
 1668
 2768
 1649
 
 1680
 3733
 2006
 
 2184
 
 1995
 834
 2017
 1679
 1727
 
 1676
 2197
 0.5
 1967
 2431
 2164
 3273
 268400
 879
 1999
 1994
 2024
 351
 1856
 1975
 814
 2707
 1987
 2518
 2008
 2003
 2001
 2243
 3687
 3734
 2443
 3660
 2416
 2413
 2049
 3297
 3364
 3286
 2934
 3410
 3665
 3693
 
 
 2211
 2730
 
 3641
 3740
 4164
 3277
 2578
 
 1894
 PID
